---- DC Operating Point ----
V(va) = 12
V(vb) = 5
V(vc) = 14.2167
V(n1) = 9.20946
V(n2) = 6.31487
V(n3) = 5.57668
V(nc) = 10.6273
---- DC Print ----
V(va) = 12
V(vb) = 5
V(vc) = 14.2167
V(n1) = 9.20946
V(n2) = 6.31487
V(n3) = 5.57668
V(nc) = 10.6273
