---- DC Operating Point ----
V(vin) = 8
V(vref) = -3
V(n1) = 0.197939
V(n2) = 0.197939
V(n3) = 0.197939
V(mid) = 0.197939
---- DC Print ----
V(vin) = 8
V(vref) = -3
V(n1) = 0.197939
V(n2) = 0.197939
V(n3) = 0.197939
V(mid) = 0.197939
