---- DC Operating Point ----
V(vcc) = 12
V(bias) = 2.4
V(coll1) = 0.866092
V(base1) = 1.19497
V(emit1) = 0.395767
V(coll2) = 11.8282
V(base2) = 11.0796
V(emit2) = 11.8347
V(sub) = 12
---- DC Print ----
V(vcc) = 12
V(bias) = 2.4
V(coll1) = 0.866092
V(base1) = 1.19497
V(emit1) = 0.395767
V(coll2) = 11.8282
V(base2) = 11.0796
V(emit2) = 11.8347
V(sub) = 12
