---- DC Operating Point ----
V(in1) = 10
V(in2) = -5
V(n1) = 3.57282
V(n2) = 2.15883
V(mid) = 2.15883
V(out) = 0.00652216
---- DC Print ----
V(in1) = 10
V(in2) = -5
V(n1) = 3.57282
V(n2) = 2.15883
V(mid) = 2.15883
V(out) = 0.00652216
